deleted tweets = 20
[ 16  57  80  76 137 125  57  80  57  72  90 158  90  57  76 130 135  44
  76  17  16  57  76 105 136  57  57  57  52  57  15  57  18  20  57  57
  57  60  76 114  57 161  16  80  57  29  57   3  57 154  80  36  57  57
  57  19  90  57 112   3  57 106 110  76  76  57  33  57  80  94  16  76
 120  57  76  57  57  76 163  57  57 113  76  18  57 117   3  80  76  76
  19 159  87  53  16 132 142  80  57  57  57  63  76  57  57  57   3  76
 160  59  76  41  80  10  80  80  40  57  76   3  15  54  57  18  18 162
  76  57  76  19  18  76  57  76  80  57  12  76  81  76  76  74   1  67
  57  25 148   5  90  57  16  57 145 140  57  62  57  90  90  57  80  57
 115  76  76  57 116 134  80  57  28  76  76  76  80  76  57  80  76  57
  57  15   7  30  76  57  76  16  76  93  57  80  57  57  57  19  90 123
  16  15  76 124  16  76  70  80  50  57  57  76  57  18  76 129  56  34
  57  99  80  27 104  57  76  57   0 121  76  76  57  57  16 102  24  76
 157  90  80  35  39  16  57  90  16  85  57  15  80  57  57  90  80  16
  16  80  37  57  80  57  23 118  57  57  57  76  57   3  76  18   3  57
  92  57  45  76  22  76  57  26  18  57  90  90 100 122  90 149  57  90
  57  16 153   8   6  57  80  57 119  57 133  76  31  15  75  18  57  76
  57  64  57  83  80  76  98  57  57  57 144  80 155  76   4  57  55  57
  76  76  57  76  57  57  57  76 131  80 152  90  16  57  84  90 103  80
  94   2 128  76 138  57 139  31  57  47  57  16  80  57 150  57  57  68
  80 108  90  79  57  57  48  76   3  15  76  90  76  76  76  78  13  76
 141  57  80  97 146  21  76  57  57  80  80  61  14  90  49  71  90  57
  57  82  46  80  76  57  57  91  80  88  95  31  15  43  89  57  80 109
 111  57  76  18  76 151  80  57  15  58  57  73  16  80  76 101  15  65
  80  57  90  80  16  57  16  76  80  57  57   3  90  42  77  16  57  57
  11  57  90  18  80   9  76 127  57  57  57  57  76 126  57  16 156  57
  69 107  57  66  57  76  32 143  57  76 147  57  57  38  15  80  86  96
  76  76  15  80  51  57   3]
[[ 0.  0.  0. ...,  0.  0.  0.]
 [ 0.  0.  0. ...,  0.  0.  0.]
 [ 0.  0.  0. ...,  0.  0.  0.]
 ..., 
 [ 0.  0.  0. ...,  0.  0.  0.]
 [ 0.  0.  0. ...,  0.  0.  0.]
 [ 0.  1.  0. ...,  0.  0.  0.]]
2605.15522768
